221052
220998
221430
221450
221581
221372
221799
221558
222009
222065
222088
222093
222039
221707
222083
222088
434192
434238
214502
214442
214121
214321
213755
213721
213600
214087
451538
451184
451333
451278
451441
452171
450948
451709
450837
450713
452351
451599
251771
252072
251918
252533
253462
251884
497502
497729
498452
502724
744390
744539
745888
749323
538411
538360
537878
538724
538697
538861
538376
537832
538708
538715
538710
538071
538886
538999
538958
538987
805079
805213
282179
284947
283089
283973
283184
283137
283224
283593
